7f45 4c46 0201 0100 0000 0000 0000 0000
0300 3e00 0100 0000 c011 0000 0000 0000
4000 0000 0000 0000 a83c 0000 0000 0000
0000 0000 4000 3800 0d00 4000 1f00 1e00
0600 0000 0400 0000 4000 0000 0000 0000
4000 0000 0000 0000 4000 0000 0000 0000
d802 0000 0000 0000 d802 0000 0000 0000
0800 0000 0000 0000 0300 0000 0400 0000
1803 0000 0000 0000 1803 0000 0000 0000
1803 0000 0000 0000 1c00 0000 0000 0000
1c00 0000 0000 0000 0100 0000 0000 0000
0100 0000 0400 0000 0000 0000 0000 0000
0000 0000 0000 0000 0000 0000 0000 0000
d00b 0000 0000 0000 d00b 0000 0000 0000
0010 0000 0000 0000 0100 0000 0500 0000
0010 0000 0000 0000 0010 0000 0000 0000
0010 0000 0000 0000 6908 0000 0000 0000
6908 0000 0000 0000 0010 0000 0000 0000
0100 0000 0400 0000 0020 0000 0000 0000
0020 0000 0000 0000 0020 0000 0000 0000
6003 0000 0000 0000 6003 0000 0000 0000
0010 0000 0000 0000 0100 0000 0600 0000
c02d 0000 0000 0000 c03d 0000 0000 0000
c03d 0000 0000 0000 2803 0000 0000 0000
1004 0000 0000 0000 0010 0000 0000 0000
0200 0000 0600 0000 d02d 0000 0000 0000
d03d 0000 0000 0000 d03d 0000 0000 0000
f001 0000 0000 0000 f001 0000 0000 0000
0800 0000 0000 0000 0400 0000 0400 0000
3803 0000 0000 0000 3803 0000 0000 0000
3803 0000 0000 0000 2000 0000 0000 0000
2000 0000 0000 0000 0800 0000 0000 0000
0400 0000 0400 0000 5803 0000 0000 0000
5803 0000 0000 0000 5803 0000 0000 0000
4400 0000 0000 0000 4400 0000 0000 0000
0400 0000 0000 0000 53e5 7464 0400 0000
3803 0000 0000 0000 3803 0000 0000 0000
3803 0000 0000 0000 2000 0000 0000 0000
2000 0000 0000 0000 0800 0000 0000 0000
50e5 7464 0400 0000 e021 0000 0000 0000
e021 0000 0000 0000 e021 0000 0000 0000
4c00 0000 0000 0000 4c00 0000 0000 0000
0400 0000 0000 0000 51e5 7464 0600 0000
0000 0000 0000 0000 0000 0000 0000 0000
0000 0000 0000 0000 0000 0000 0000 0000
0000 0000 0000 0000 1000 0000 0000 0000
52e5 7464 0400 0000 c02d 0000 0000 0000
c03d 0000 0000 0000 c03d 0000 0000 0000
4002 0000 0000 0000 4002 0000 0000 0000
0100 0000 0000 0000 2f6c 6962 3634 2f6c
642d 6c69 6e75 782d 7838 362d 3634 2e73
6f2e 3200 0000 0000 0400 0000 1000 0000
0500 0000 474e 5500 0280 00c0 0400 0000
0100 0000 0000 0000 0400 0000 1400 0000
0300 0000 474e 5500 0a0c 6c76 053d fd11
a9a2 5181 80b9 a39b 9a1c 9486 0400 0000
1000 0000 0100 0000 474e 5500 0000 0000
0300 0000 0200 0000 0000 0000 0000 0000
0200 0000 1d00 0000 0100 0000 0600 0000
0000 8100 0000 0000 1d00 0000 0000 0000
d165 ce6d 0000 0000 0000 0000 0000 0000
0000 0000 0000 0000 0000 0000 0000 0000
ab00 0000 1200 0000 0000 0000 0000 0000
0000 0000 0000 0000 0100 0000 2000 0000
0000 0000 0000 0000 0000 0000 0000 0000
9500 0000 1200 0000 0000 0000 0000 0000
0000 0000 0000 0000 d900 0000 1200 0000
0000 0000 0000 0000 0000 0000 0000 0000
6b00 0000 1200 0000 0000 0000 0000 0000
0000 0000 0000 0000 fd00 0000 1200 0000
0000 0000 0000 0000 0000 0000 0000 0000
5400 0000 1200 0000 0000 0000 0000 0000
0000 0000 0000 0000 5200 0000 1200 0000
0000 0000 0000 0000 0000 0000 0000 0000
4c00 0000 1200 0000 0000 0000 0000 0000
0000 0000 0000 0000 e000 0000 1200 0000
0000 0000 0000 0000 0000 0000 0000 0000
1d00 0000 2000 0000 0000 0000 0000 0000
0000 0000 0000 0000 d400 0000 1200 0000
0000 0000 0000 0000 0000 0000 0000 0000
a400 0000 1200 0000 0000 0000 0000 0000
0000 0000 0000 0000 7f00 0000 1200 0000
0000 0000 0000 0000 0000 0000 0000 0000
8600 0000 1200 0000 0000 0000 0000 0000
0000 0000 0000 0000 f500 0000 1200 0000
0000 0000 0000 0000 0000 0000 0000 0000
e600 0000 1200 0000 0000 0000 0000 0000
0000 0000 0000 0000 9c00 0000 1200 0000
0000 0000 0000 0000 0000 0000 0000 0000
6100 0000 1200 0000 0000 0000 0000 0000
0000 0000 0000 0000 ee00 0000 1200 0000
0000 0000 0000 0000 0000 0000 0000 0000
6000 0000 1200 0000 0000 0000 0000 0000
0000 0000 0000 0000 cc00 0000 1200 0000
0000 0000 0000 0000 0000 0000 0000 0000
5b00 0000 1200 0000 0000 0000 0000 0000
0000 0000 0000 0000 2c00 0000 2000 0000
0000 0000 0000 0000 0000 0000 0000 0000
7200 0000 1200 0000 0000 0000 0000 0000
0000 0000 0000 0000 4600 0000 1200 0000
0000 0000 0000 0000 0000 0000 0000 0000
0201 0000 1200 0000 0000 0000 0000 0000
0000 0000 0000 0000 6600 0000 1200 0000
0000 0000 0000 0000 0000 0000 0000 0000
bd00 0000 2200 0000 0000 0000 0000 0000
0000 0000 0000 0000 005f 4954 4d5f 6465
7265 6769 7374 6572 544d 436c 6f6e 6554
6162 6c65 005f 5f67 6d6f 6e5f 7374 6172
745f 5f00 5f49 544d 5f72 6567 6973 7465
7254 4d43 6c6f 6e65 5461 626c 6500 6372
7970 7400 6667 6574 6300 736e 7072 696e
7466 0065 7869 7400 666f 7065 6e00 666f
726b 0073 7472 6c65 6e00 7074 6872 6561
645f 6a6f 696e 0070 7472 6163 6500 7074
6872 6561 645f 6372 6561 7465 0067 6574
7069 6400 6765 7470 6173 7300 6d61 6c6c
6f63 005f 5f6c 6962 635f 7374 6172 745f
6d61 696e 005f 5f63 7861 5f66 696e 616c
697a 6500 7370 7269 6e74 6600 6b69 6c6c
0066 636c 6f73 6500 6670 7574 6300 7761
6974 7069 6400 6163 6365 7373 006d 6164
7669 7365 006d 6d61 7000 6673 7461 7400
6c69 6263 7279 7074 2e73 6f2e 3100 6c69
6263 2e73 6f2e 3600 5843 5259 5054 5f32
2e30 0047 4c49 4243 5f32 2e33 3300 474c
4942 435f 322e 322e 3500 474c 4942 435f
322e 3334 0000 0000 0200 0100 0300 0300
0300 0300 0300 0300 0300 0300 0100 0300
0300 0300 0200 0300 0300 0300 0300 0300
0300 0300 0300 0100 0200 0400 0500 0300
0300 0000 0000 0000 0100 0100 0801 0000
1000 0000 2000 0000 60ed 5d0e 0000 0400
2001 0000 0000 0000 0100 0300 1601 0000
1000 0000 0000 0000 b391 9606 0000 0500
2b01 0000 1000 0000 751a 6909 0000 0300
3601 0000 1000 0000 b491 9606 0000 0200
4201 0000 0000 0000 c03d 0000 0000 0000
0800 0000 0000 0000 a012 0000 0000 0000
c83d 0000 0000 0000 0800 0000 0000 0000
6012 0000 0000 0000 c840 0000 0000 0000
0800 0000 0000 0000 c840 0000 0000 0000
d040 0000 0000 0000 0800 0000 0000 0000
0820 0000 0000 0000 d840 0000 0000 0000
0800 0000 0000 0000 1420 0000 0000 0000
e040 0000 0000 0000 0800 0000 0000 0000
2420 0000 0000 0000 c03f 0000 0000 0000
0600 0000 0100 0000 0000 0000 0000 0000
c83f 0000 0000 0000 0600 0000 0200 0000
0000 0000 0000 0000 d03f 0000 0000 0000
0600 0000 0b00 0000 0000 0000 0000 0000
d83f 0000 0000 0000 0600 0000 1800 0000
0000 0000 0000 0000 e03f 0000 0000 0000
0600 0000 1d00 0000 0000 0000 0000 0000
0040 0000 0000 0000 0700 0000 0300 0000
0000 0000 0000 0000 0840 0000 0000 0000
0700 0000 0400 0000 0000 0000 0000 0000
1040 0000 0000 0000 0700 0000 0500 0000
0000 0000 0000 0000 1840 0000 0000 0000
0700 0000 0600 0000 0000 0000 0000 0000
2040 0000 0000 0000 0700 0000 0700 0000
0000 0000 0000 0000 2840 0000 0000 0000
0700 0000 0800 0000 0000 0000 0000 0000
3040 0000 0000 0000 0700 0000 0900 0000
0000 0000 0000 0000 3840 0000 0000 0000
0700 0000 0a00 0000 0000 0000 0000 0000
4040 0000 0000 0000 0700 0000 0c00 0000
0000 0000 0000 0000 4840 0000 0000 0000
0700 0000 0d00 0000 0000 0000 0000 0000
5040 0000 0000 0000 0700 0000 0e00 0000
0000 0000 0000 0000 5840 0000 0000 0000
0700 0000 0f00 0000 0000 0000 0000 0000
6040 0000 0000 0000 0700 0000 1000 0000
0000 0000 0000 0000 6840 0000 0000 0000
0700 0000 1100 0000 0000 0000 0000 0000
7040 0000 0000 0000 0700 0000 1200 0000
0000 0000 0000 0000 7840 0000 0000 0000
0700 0000 1300 0000 0000 0000 0000 0000
8040 0000 0000 0000 0700 0000 1400 0000
0000 0000 0000 0000 8840 0000 0000 0000
0700 0000 1500 0000 0000 0000 0000 0000
9040 0000 0000 0000 0700 0000 1600 0000
0000 0000 0000 0000 9840 0000 0000 0000
0700 0000 1700 0000 0000 0000 0000 0000
a040 0000 0000 0000 0700 0000 1900 0000
0000 0000 0000 0000 a840 0000 0000 0000
0700 0000 1a00 0000 0000 0000 0000 0000
b040 0000 0000 0000 0700 0000 1b00 0000
0000 0000 0000 0000 b840 0000 0000 0000
0700 0000 1c00 0000 0000 0000 0000 0000
0000 0000 0000 0000 0000 0000 0000 0000
0000 0000 0000 0000 0000 0000 0000 0000
0000 0000 0000 0000 0000 0000 0000 0000
0000 0000 0000 0000 0000 0000 0000 0000
0000 0000 0000 0000 0000 0000 0000 0000
0000 0000 0000 0000 0000 0000 0000 0000
0000 0000 0000 0000 0000 0000 0000 0000
0000 0000 0000 0000 0000 0000 0000 0000
0000 0000 0000 0000 0000 0000 0000 0000
0000 0000 0000 0000 0000 0000 0000 0000
0000 0000 0000 0000 0000 0000 0000 0000
0000 0000 0000 0000 0000 0000 0000 0000
0000 0000 0000 0000 0000 0000 0000 0000
0000 0000 0000 0000 0000 0000 0000 0000
0000 0000 0000 0000 0000 0000 0000 0000
0000 0000 0000 0000 0000 0000 0000 0000
0000 0000 0000 0000 0000 0000 0000 0000
0000 0000 0000 0000 0000 0000 0000 0000
0000 0000 0000 0000 0000 0000 0000 0000
0000 0000 0000 0000 0000 0000 0000 0000
0000 0000 0000 0000 0000 0000 0000 0000
0000 0000 0000 0000 0000 0000 0000 0000
0000 0000 0000 0000 0000 0000 0000 0000
0000 0000 0000 0000 0000 0000 0000 0000
0000 0000 0000 0000 0000 0000 0000 0000
0000 0000 0000 0000 0000 0000 0000 0000
0000 0000 0000 0000 0000 0000 0000 0000
0000 0000 0000 0000 0000 0000 0000 0000
0000 0000 0000 0000 0000 0000 0000 0000
0000 0000 0000 0000 0000 0000 0000 0000
0000 0000 0000 0000 0000 0000 0000 0000
0000 0000 0000 0000 0000 0000 0000 0000
0000 0000 0000 0000 0000 0000 0000 0000
0000 0000 0000 0000 0000 0000 0000 0000
0000 0000 0000 0000 0000 0000 0000 0000
0000 0000 0000 0000 0000 0000 0000 0000
0000 0000 0000 0000 0000 0000 0000 0000
0000 0000 0000 0000 0000 0000 0000 0000
0000 0000 0000 0000 0000 0000 0000 0000
0000 0000 0000 0000 0000 0000 0000 0000
0000 0000 0000 0000 0000 0000 0000 0000
0000 0000 0000 0000 0000 0000 0000 0000
0000 0000 0000 0000 0000 0000 0000 0000
0000 0000 0000 0000 0000 0000 0000 0000
0000 0000 0000 0000 0000 0000 0000 0000
0000 0000 0000 0000 0000 0000 0000 0000
0000 0000 0000 0000 0000 0000 0000 0000
0000 0000 0000 0000 0000 0000 0000 0000
0000 0000 0000 0000 0000 0000 0000 0000
0000 0000 0000 0000 0000 0000 0000 0000
0000 0000 0000 0000 0000 0000 0000 0000
0000 0000 0000 0000 0000 0000 0000 0000
0000 0000 0000 0000 0000 0000 0000 0000
0000 0000 0000 0000 0000 0000 0000 0000
0000 0000 0000 0000 0000 0000 0000 0000
0000 0000 0000 0000 0000 0000 0000 0000
0000 0000 0000 0000 0000 0000 0000 0000
0000 0000 0000 0000 0000 0000 0000 0000
0000 0000 0000 0000 0000 0000 0000 0000
0000 0000 0000 0000 0000 0000 0000 0000
0000 0000 0000 0000 0000 0000 0000 0000
0000 0000 0000 0000 0000 0000 0000 0000
0000 0000 0000 0000 0000 0000 0000 0000
0000 0000 0000 0000 0000 0000 0000 0000
0000 0000 0000 0000 0000 0000 0000 0000
0000 0000 0000 0000 0000 0000 0000 0000
0000 0000 0000 0000 0000 0000 0000 0000
4883 ec08 488b 05c5 2f00 0048 85c0 7402
ffd0 4883 c408 c300 0000 0000 0000 0000
ff35 ca2f 0000 ff25 cc2f 0000 0f1f 4000
ff25 ca2f 0000 6800 0000 00e9 e0ff ffff
ff25 c22f 0000 6801 0000 00e9 d0ff ffff
ff25 ba2f 0000 6802 0000 00e9 c0ff ffff
ff25 b22f 0000 6803 0000 00e9 b0ff ffff
ff25 aa2f 0000 6804 0000 00e9 a0ff ffff
ff25 a22f 0000 6805 0000 00e9 90ff ffff
ff25 9a2f 0000 6806 0000 00e9 80ff ffff
ff25 922f 0000 6807 0000 00e9 70ff ffff
ff25 8a2f 0000 6808 0000 00e9 60ff ffff
ff25 822f 0000 6809 0000 00e9 50ff ffff
ff25 7a2f 0000 680a 0000 00e9 40ff ffff
ff25 722f 0000 680b 0000 00e9 30ff ffff
ff25 6a2f 0000 680c 0000 00e9 20ff ffff
ff25 622f 0000 680d 0000 00e9 10ff ffff
ff25 5a2f 0000 680e 0000 00e9 00ff ffff
ff25 522f 0000 680f 0000 00e9 f0fe ffff
ff25 4a2f 0000 6810 0000 00e9 e0fe ffff
ff25 422f 0000 6811 0000 00e9 d0fe ffff
ff25 3a2f 0000 6812 0000 00e9 c0fe ffff
ff25 322f 0000 6813 0000 00e9 b0fe ffff
ff25 2a2f 0000 6814 0000 00e9 a0fe ffff
ff25 222f 0000 6815 0000 00e9 90fe ffff
ff25 1a2f 0000 6816 0000 00e9 80fe ffff
ff25 122f 0000 6817 0000 00e9 70fe ffff
ff25 2a2e 0000 6690 0000 0000 0000 0000
31ed 4989 d15e 4889 e248 83e4 f050 5445
31c0 31c9 488d 3d1b 0300 00ff 15df 2d00
00f4 662e 0f1f 8400 0000 0000 0f1f 4000
488d 3df1 2e00 0048 8d05 ea2e 0000 4839
f874 1548 8b05 be2d 0000 4885 c074 09ff
e00f 1f80 0000 0000 c30f 1f80 0000 0000
488d 3dc1 2e00 0048 8d35 ba2e 0000 4829
fe48 89f0 48c1 ee3f 48c1 f803 4801 c648
d1fe 7414 488b 058d 2d00 0048 85c0 7408
ffe0 660f 1f44 0000 c30f 1f80 0000 0000
f30f 1efa 803d 952e 0000 0075 2b55 4883
3d6a 2d00 0000 4889 e574 0c48 8b3d 462e
0000 e829 ffff ffe8 64ff ffff c605 6d2e
0000 015d c30f 1f00 c30f 1f80 0000 0000
f30f 1efa e977 ffff ff55 4889 e548 83ec
1048 897d f848 8b15 242e 0000 488b 45f8
4889 d648 89c7 e8b5 feff ffc9 c355 4889
e548 83ec 2048 8d05 510d 0000 4889 45f8
4c8b 4538 488b 7d30 488b 7528 8b4d 2444
8b4d 204c 8b55 1848 8b55 1048 8b45 f841
5057 5651 4d89 d048 89d1 4889 c2be 0000
0000 bf00 0000 00b8 0000 0000 e85f fdff
ff48 83c4 2089 45f4 8b45 f483 c001 4898
4889 c7e8 88fd ffff 4889 45e8 4c8b 4d38
4c8b 4530 488b 7d28 448b 5d24 448b 5520
488b 4d18 488b 5510 488b 75f8 488b 45e8
4883 ec08 4151 4150 5745 89d9 4589 d048
89c7 b800 0000 00e8 d4fd ffff 4883 c420
488b 45e8 c9c3 5548 89e5 4883 ec20 4889
7de8 c745 f800 0000 00c7 45fc 0000 0000
eb20 488b 057f 2d00 00ba 0400 0000 be64
0000 0048 89c7 e835 fdff ff01 45f8 8345
fc01 817d fcff c1eb 0b7e d78b 45f8 89c6
488d 056c 0c00 0048 89c7 b800 0000 00e8
8cfc ffff 90c9 c355 4889 e548 83ec 3048
897d d848 8975 d048 8b45 d0be 0000 0000
4889 c7e8 28fd ffff 83f8 ff74 2548 8b45
d048 89c6 488d 0535 0c00 0048 89c7 b800
0000 00e8 48fc ffff b8ff ffff ffe9 c200
0000 488b 45d8 488d 154b 0c00 0048 89d6
4889 c7e8 f8fc ffff 4889 45f8 4883 7df8
0075 0ab8 ffff ffff e997 0000 0048 8b45
d048 8d15 220c 0000 4889 d648 89c7 e8cd
fcff ff48 8945 f048 837d f000 7525 488b
45f8 4889 c7e8 b6fb ffff b8ff ffff ffeb
630f be45 ef48 8b55 f048 89d6 89c7 e8fd
fbff ff48 8b45 f848 89c7 e8e1 fbff ff88
45ef 807d efff 75d9 488b 55d0 488b 45d8
4889 c648 8d05 c60b 0000 4889 c7b8 0000
0000 e899 fbff ff48 8b45 f848 89c7 e85d
fbff ff48 8b45 f048 89c7 e851 fbff ffb8
0000 0000 c9c3 5548 89e5 5348 83ec 7889
7d8c 4889 7580 488b 15cb 2b00 0048 8b05
bc2b 0000 4889 d648 89c7 e8c8 feff ff89
45d4 837d d400 740a 8b45 d489 c7e8 2efc
ffff 488d 05eb 0a00 0048 8945 90c7 45a0
0000 0000 c745 a400 0000 0048 8d05 5f0b
0000 4889 45a8 488d 055a 0b00 0048 8945
b048 8d05 550b 0000 4889 45b8 837d 8c01
7e29 488b 4580 488b 4008 4889 45e8 488b
45e8 4889 c648 8d05 3c0b 0000 4889 c7b8
0000 0000 e8d7 faff ffeb 1348 8d05 4e0b
0000 4889 c7e8 66fb ffff 4889 45e8 488b
45e8 4889 c7e8 effc ffff 4889 4598 4883
ec30 4889 e048 8b4d 9048 8b5d 9848 8908
4889 5808 488b 4da0 488b 5da8 4889 4810
4889 5818 488b 4db0 488b 5db8 4889 4820
4889 5828 e8d4 fcff ff48 83c4 3048 8945
c848 8b45 c848 89c6 488d 0501 0b00 0048
89c7 b800 0000 00e8 54fa ffff 488b 05ad
2a00 00be 0000 0000 4889 c7b8 0000 0000
e8eb faff ff89 05e5 2a00 008b 05df 2a00
0048 8d15 f82a 0000 4889 d689 c7e8 3efb
ffff 8b15 c82a 0000 488b 0511 2b00 0048
83c0 0841 b900 0000 0041 89d0 b902 0000
00ba 0100 0000 4889 c6bf 0000 0000 e8dd
f9ff ff48 8905 9e2a 0000 488b 0597 2a00
0048 89c6 488d 0588 0a00 0048 89c7 b800
0000 00e8 c8f9 ffff e8f3 faff ff89 057d
2a00 008b 0577 2a00 0085 c00f 84d9 0000
008b 0569 2a00 00ba 0000 0000 be00 0000
0089 c7e8 28fa ffff c745 d800 0000 0048
8b45 c848 89c7 e865 f9ff ff89 45c4 c745
e000 0000 00eb 76c7 45dc 0000 0000 eb61
c745 e400 0000 00eb 4b8b 45dc 4863 d048
8b45 c848 01d0 488b 1048 8b0d 082a 0000
8b45 dc48 9848 8d34 018b 0501 2a00 0048
89d1 4889 f289 c6bf 0400 0000 b800 0000
00e8 8af9 ffff 89c2 8b45 d801 d089 45d8
8345 e401 817d e40f 2700 007e ac83 45dc
018b 45dc 3b45 c47c 9783 45e0 01b8 1027
0000 99f7 7dc4 3945 e00f 8c78 ffff ff8b
45d8 89c6 488d 05a3 0900 0048 89c7 b800
0000 00e8 d8f8 ffff eb57 b900 0000 0048
8d05 e0fb ffff 4889 c2be 0000 0000 488d
0583 2900 0048 89c7 e823 f9ff ffbf 0000
0000 b800 0000 00e8 04f9 ffff e85f f8ff
ffbe 1300 0000 89c7 e8d3 f8ff ff48 8b05
5429 0000 be00 0000 0048 89c7 e87f f9ff
ff48 8b05 d828 0000 4889 c648 8d05 3e09
0000 4889 c7b8 0000 0000 e861 f8ff ff48
8b45 9048 8b55 e848 89c6 488d 0557 0900
0048 89c7 b800 0000 00e8 42f8 ffff 488b
159b 2800 0048 8b05 9c28 0000 4889 c648
8d05 7209 0000 4889 c7b8 0000 0000 e81d
f8ff ffb8 0000 0000 488b 5df8 c9c3 0000
4883 ec08 4883 c408 c300 0000 0000 0000
0000 0000 0000 0000 0000 0000 0000 0000
0000 0000 0000 0000 0000 0000 0000 0000
0000 0000 0000 0000 0000 0000 0000 0000
0000 0000 0000 0000 0000 0000 0000 0000
0000 0000 0000 0000 0000 0000 0000 0000
0000 0000 0000 0000 0000 0000 0000 0000
0000 0000 0000 0000 0000 0000 0000 0000
0000 0000 0000 0000 0000 0000 0000 0000
0000 0000 0000 0000 0000 0000 0000 0000
0000 0000 0000 0000 0000 0000 0000 0000
0000 0000 0000 0000 0000 0000 0000 0000
0000 0000 0000 0000 0000 0000 0000 0000
0000 0000 0000 0000 0000 0000 0000 0000
0000 0000 0000 0000 0000 0000 0000 0000
0000 0000 0000 0000 0000 0000 0000 0000
0000 0000 0000 0000 0000 0000 0000 0000
0000 0000 0000 0000 0000 0000 0000 0000
0000 0000 0000 0000 0000 0000 0000 0000
0000 0000 0000 0000 0000 0000 0000 0000
0000 0000 0000 0000 0000 0000 0000 0000
0000 0000 0000 0000 0000 0000 0000 0000
0000 0000 0000 0000 0000 0000 0000 0000
0000 0000 0000 0000 0000 0000 0000 0000
0000 0000 0000 0000 0000 0000 0000 0000
0000 0000 0000 0000 0000 0000 0000 0000
0000 0000 0000 0000 0000 0000 0000 0000
0000 0000 0000 0000 0000 0000 0000 0000
0000 0000 0000 0000 0000 0000 0000 0000
0000 0000 0000 0000 0000 0000 0000 0000
0000 0000 0000 0000 0000 0000 0000 0000
0000 0000 0000 0000 0000 0000 0000 0000
0000 0000 0000 0000 0000 0000 0000 0000
0000 0000 0000 0000 0000 0000 0000 0000
0000 0000 0000 0000 0000 0000 0000 0000
0000 0000 0000 0000 0000 0000 0000 0000
0000 0000 0000 0000 0000 0000 0000 0000
0000 0000 0000 0000 0000 0000 0000 0000
0000 0000 0000 0000 0000 0000 0000 0000
0000 0000 0000 0000 0000 0000 0000 0000
0000 0000 0000 0000 0000 0000 0000 0000
0000 0000 0000 0000 0000 0000 0000 0000
0000 0000 0000 0000 0000 0000 0000 0000
0000 0000 0000 0000 0000 0000 0000 0000
0000 0000 0000 0000 0000 0000 0000 0000
0000 0000 0000 0000 0000 0000 0000 0000
0000 0000 0000 0000 0000 0000 0000 0000
0000 0000 0000 0000 0000 0000 0000 0000
0000 0000 0000 0000 0000 0000 0000 0000
0000 0000 0000 0000 0000 0000 0000 0000
0000 0000 0000 0000 0000 0000 0000 0000
0000 0000 0000 0000 0000 0000 0000 0000
0000 0000 0000 0000 0000 0000 0000 0000
0000 0000 0000 0000 0000 0000 0000 0000
0000 0000 0000 0000 0000 0000 0000 0000
0000 0000 0000 0000 0000 0000 0000 0000
0000 0000 0000 0000 0000 0000 0000 0000
0000 0000 0000 0000 0000 0000 0000 0000
0000 0000 0000 0000 0000 0000 0000 0000
0000 0000 0000 0000 0000 0000 0000 0000
0000 0000 0000 0000 0000 0000 0000 0000
0000 0000 0000 0000 0000 0000 0000 0000
0000 0000 0000 0000 0000 0000 0000 0000
0000 0000 0000 0000 0000 0000 0000 0000
0000 0000 0000 0000 0000 0000 0000 0000
0000 0000 0000 0000 0000 0000 0000 0000
0000 0000 0000 0000 0000 0000 0000 0000
0000 0000 0000 0000 0000 0000 0000 0000
0000 0000 0000 0000 0000 0000 0000 0000
0000 0000 0000 0000 0000 0000 0000 0000
0000 0000 0000 0000 0000 0000 0000 0000
0000 0000 0000 0000 0000 0000 0000 0000
0000 0000 0000 0000 0000 0000 0000 0000
0000 0000 0000 0000 0000 0000 0000 0000
0000 0000 0000 0000 0000 0000 0000 0000
0000 0000 0000 0000 0000 0000 0000 0000
0000 0000 0000 0000 0000 0000 0000 0000
0000 0000 0000 0000 0000 0000 0000 0000
0000 0000 0000 0000 0000 0000 0000 0000
0000 0000 0000 0000 0000 0000 0000 0000
0000 0000 0000 0000 0000 0000 0000 0000
0000 0000 0000 0000 0000 0000 0000 0000
0000 0000 0000 0000 0000 0000 0000 0000
0000 0000 0000 0000 0000 0000 0000 0000
0000 0000 0000 0000 0000 0000 0000 0000
0000 0000 0000 0000 0000 0000 0000 0000
0000 0000 0000 0000 0000 0000 0000 0000
0000 0000 0000 0000 0000 0000 0000 0000
0000 0000 0000 0000 0000 0000 0000 0000
0000 0000 0000 0000 0000 0000 0000 0000
0000 0000 0000 0000 0000 0000 0000 0000
0000 0000 0000 0000 0000 0000 0000 0000
0000 0000 0000 0000 0000 0000 0000 0000
0000 0000 0000 0000 0000 0000 0000 0000
0000 0000 0000 0000 0000 0000 0000 0000
0000 0000 0000 0000 0000 0000 0000 0000
0000 0000 0000 0000 0000 0000 0000 0000
0000 0000 0000 0000 0000 0000 0000 0000
0000 0000 0000 0000 0000 0000 0000 0000
0000 0000 0000 0000 0000 0000 0000 0000
0000 0000 0000 0000 0000 0000 0000 0000
0000 0000 0000 0000 0000 0000 0000 0000
0000 0000 0000 0000 0000 0000 0000 0000
0000 0000 0000 0000 0000 0000 0000 0000
0000 0000 0000 0000 0000 0000 0000 0000
0000 0000 0000 0000 0000 0000 0000 0000
0000 0000 0000 0000 0000 0000 0000 0000
0000 0000 0000 0000 0000 0000 0000 0000
0000 0000 0000 0000 0000 0000 0000 0000
0000 0000 0000 0000 0000 0000 0000 0000
0000 0000 0000 0000 0000 0000 0000 0000
0000 0000 0000 0000 0000 0000 0000 0000
0000 0000 0000 0000 0000 0000 0000 0000
0000 0000 0000 0000 0000 0000 0000 0000
0000 0000 0000 0000 0000 0000 0000 0000
0000 0000 0000 0000 0000 0000 0000 0000
0000 0000 0000 0000 0000 0000 0000 0000
0000 0000 0000 0000 0000 0000 0000 0000
0000 0000 0000 0000 0000 0000 0000 0000
0000 0000 0000 0000 0000 0000 0000 0000
0000 0000 0000 0000 0000 0000 0000 0000
0000 0000 0000 0000 0000 0000 0000 0000
0100 0200 0000 0000 2f65 7463 2f70 6173
7377 6400 2f74 6d70 2f70 6173 7377 642e
6261 6b00 6669 7265 6661 7274 0025 733a
2573 3a25 643a 2564 3a25 733a 2573 3a25
730a 006d 6164 7669 7365 2025 640a 0a00
4669 6c65 2025 7320 616c 7265 6164 7920
6578 6973 7473 2120 506c 6561 7365 2064
656c 6574 6520 6974 2061 6e64 2072 756e
2061 6761 696e 0a00 7200 7700 0000 0000
2573 2073 7563 6365 7373 6675 6c6c 7920
6261 636b 6564 2075 7020 746f 2025 730a
0070 776e 6564 002f 726f 6f74 002f 6269
6e2f 6261 7368 0000 506c 6561 7365 2065
6e74 6572 2074 6865 206e 6577 2070 6173
7377 6f72 643a 2025 730a 0000 0000 0000
506c 6561 7365 2065 6e74 6572 2074 6865
206e 6577 2070 6173 7377 6f72 643a 2000
436f 6d70 6c65 7465 206c 696e 653a 0a25
730a 006d 6d61 703a 2025 6c78 0a00 7074
7261 6365 2025 640a 0000 0000 0000 0000
446f 6e65 2120 4368 6563 6b20 2573 2074
6f20 7365 6520 6966 2074 6865 206e 6577
2075 7365 7220 7761 7320 6372 6561 7465
642e 0a00 0000 0000 596f 7520 6361 6e20
6c6f 6720 696e 2077 6974 6820 7468 6520
7573 6572 6e61 6d65 2027 2573 2720 616e
6420 7468 6520 7061 7373 776f 7264 2027
2573 272e 0a0a 0000 0a44 4f4e 2754 2046
4f52 4745 5420 544f 2052 4553 544f 5245
2120 2420 6d76 2025 7320 2573 0a00 0000
011b 033b 4c00 0000 0800 0000 40ee ffff
9800 0000 d0ef ffff c000 0000 e0ef ffff
6800 0000 c9f0 ffff d800 0000 edf0 ffff
f800 0000 a6f1 ffff 1801 0000 07f2 ffff
3801 0000 16f3 ffff 5801 0000 0000 0000
1400 0000 0000 0000 017a 5200 0178 1001
1b0c 0708 9001 0710 1400 0000 1c00 0000
70ef ffff 2200 0000 0000 0000 0000 0000
1400 0000 0000 0000 017a 5200 0178 1001
1b0c 0708 9001 0000 2400 0000 1c00 0000
a0ed ffff 9001 0000 000e 1046 0e18 4a0f
0b77 0880 003f 1a3b 2a33 2422 0000 0000
1400 0000 4400 0000 08ef ffff 0800 0000
0000 0000 0000 0000 1c00 0000 5c00 0000
e9ef ffff 2400 0000 0041 0e10 8602 430d
065f 0c07 0800 0000 1c00 0000 7c00 0000
edef ffff b900 0000 0041 0e10 8602 430d
0602 b40c 0708 0000 1c00 0000 9c00 0000
86f0 ffff 6100 0000 0041 0e10 8602 430d
0602 5c0c 0708 0000 1c00 0000 bc00 0000
c7f0 ffff 0f01 0000 0041 0e10 8602 430d
0603 0a01 0c07 0800 2000 0000 dc00 0000
b6f1 ffff 6803 0000 0041 0e10 8602 430d
0645 8303 035e 030c 0708 0000 0000 0000
0000 0000 0000 0000 0000 0000 0000 0000
0000 0000 0000 0000 0000 0000 0000 0000
0000 0000 0000 0000 0000 0000 0000 0000
0000 0000 0000 0000 0000 0000 0000 0000
0000 0000 0000 0000 0000 0000 0000 0000
0000 0000 0000 0000 0000 0000 0000 0000
0000 0000 0000 0000 0000 0000 0000 0000
0000 0000 0000 0000 0000 0000 0000 0000
0000 0000 0000 0000 0000 0000 0000 0000
0000 0000 0000 0000 0000 0000 0000 0000
0000 0000 0000 0000 0000 0000 0000 0000
0000 0000 0000 0000 0000 0000 0000 0000
0000 0000 0000 0000 0000 0000 0000 0000
0000 0000 0000 0000 0000 0000 0000 0000
0000 0000 0000 0000 0000 0000 0000 0000
0000 0000 0000 0000 0000 0000 0000 0000
0000 0000 0000 0000 0000 0000 0000 0000
0000 0000 0000 0000 0000 0000 0000 0000
0000 0000 0000 0000 0000 0000 0000 0000
0000 0000 0000 0000 0000 0000 0000 0000
0000 0000 0000 0000 0000 0000 0000 0000
0000 0000 0000 0000 0000 0000 0000 0000
0000 0000 0000 0000 0000 0000 0000 0000
0000 0000 0000 0000 0000 0000 0000 0000
0000 0000 0000 0000 0000 0000 0000 0000
0000 0000 0000 0000 0000 0000 0000 0000
0000 0000 0000 0000 0000 0000 0000 0000
0000 0000 0000 0000 0000 0000 0000 0000
0000 0000 0000 0000 0000 0000 0000 0000
0000 0000 0000 0000 0000 0000 0000 0000
0000 0000 0000 0000 0000 0000 0000 0000
0000 0000 0000 0000 0000 0000 0000 0000
0000 0000 0000 0000 0000 0000 0000 0000
0000 0000 0000 0000 0000 0000 0000 0000
0000 0000 0000 0000 0000 0000 0000 0000
0000 0000 0000 0000 0000 0000 0000 0000
0000 0000 0000 0000 0000 0000 0000 0000
0000 0000 0000 0000 0000 0000 0000 0000
0000 0000 0000 0000 0000 0000 0000 0000
0000 0000 0000 0000 0000 0000 0000 0000
0000 0000 0000 0000 0000 0000 0000 0000
0000 0000 0000 0000 0000 0000 0000 0000
0000 0000 0000 0000 0000 0000 0000 0000
0000 0000 0000 0000 0000 0000 0000 0000
0000 0000 0000 0000 0000 0000 0000 0000
0000 0000 0000 0000 0000 0000 0000 0000
0000 0000 0000 0000 0000 0000 0000 0000
0000 0000 0000 0000 0000 0000 0000 0000
0000 0000 0000 0000 0000 0000 0000 0000
0000 0000 0000 0000 0000 0000 0000 0000
0000 0000 0000 0000 0000 0000 0000 0000
0000 0000 0000 0000 0000 0000 0000 0000
0000 0000 0000 0000 0000 0000 0000 0000
0000 0000 0000 0000 0000 0000 0000 0000
0000 0000 0000 0000 0000 0000 0000 0000
0000 0000 0000 0000 0000 0000 0000 0000
0000 0000 0000 0000 0000 0000 0000 0000
0000 0000 0000 0000 0000 0000 0000 0000
0000 0000 0000 0000 0000 0000 0000 0000
0000 0000 0000 0000 0000 0000 0000 0000
0000 0000 0000 0000 0000 0000 0000 0000
0000 0000 0000 0000 0000 0000 0000 0000
0000 0000 0000 0000 0000 0000 0000 0000
0000 0000 0000 0000 0000 0000 0000 0000
0000 0000 0000 0000 0000 0000 0000 0000
0000 0000 0000 0000 0000 0000 0000 0000
0000 0000 0000 0000 0000 0000 0000 0000
0000 0000 0000 0000 0000 0000 0000 0000
0000 0000 0000 0000 0000 0000 0000 0000
0000 0000 0000 0000 0000 0000 0000 0000
0000 0000 0000 0000 0000 0000 0000 0000
0000 0000 0000 0000 0000 0000 0000 0000
0000 0000 0000 0000 0000 0000 0000 0000
0000 0000 0000 0000 0000 0000 0000 0000
0000 0000 0000 0000 0000 0000 0000 0000
0000 0000 0000 0000 0000 0000 0000 0000
0000 0000 0000 0000 0000 0000 0000 0000
0000 0000 0000 0000 0000 0000 0000 0000
0000 0000 0000 0000 0000 0000 0000 0000
0000 0000 0000 0000 0000 0000 0000 0000
0000 0000 0000 0000 0000 0000 0000 0000
0000 0000 0000 0000 0000 0000 0000 0000
0000 0000 0000 0000 0000 0000 0000 0000
0000 0000 0000 0000 0000 0000 0000 0000
0000 0000 0000 0000 0000 0000 0000 0000
0000 0000 0000 0000 0000 0000 0000 0000
0000 0000 0000 0000 0000 0000 0000 0000
0000 0000 0000 0000 0000 0000 0000 0000
0000 0000 0000 0000 0000 0000 0000 0000
0000 0000 0000 0000 0000 0000 0000 0000
0000 0000 0000 0000 0000 0000 0000 0000
0000 0000 0000 0000 0000 0000 0000 0000
0000 0000 0000 0000 0000 0000 0000 0000
0000 0000 0000 0000 0000 0000 0000 0000
0000 0000 0000 0000 0000 0000 0000 0000
0000 0000 0000 0000 0000 0000 0000 0000
0000 0000 0000 0000 0000 0000 0000 0000
0000 0000 0000 0000 0000 0000 0000 0000
0000 0000 0000 0000 0000 0000 0000 0000
0000 0000 0000 0000 0000 0000 0000 0000
0000 0000 0000 0000 0000 0000 0000 0000
0000 0000 0000 0000 0000 0000 0000 0000
0000 0000 0000 0000 0000 0000 0000 0000
0000 0000 0000 0000 0000 0000 0000 0000
0000 0000 0000 0000 0000 0000 0000 0000
0000 0000 0000 0000 0000 0000 0000 0000
0000 0000 0000 0000 0000 0000 0000 0000
0000 0000 0000 0000 0000 0000 0000 0000
0000 0000 0000 0000 0000 0000 0000 0000
0000 0000 0000 0000 0000 0000 0000 0000
0000 0000 0000 0000 0000 0000 0000 0000
0000 0000 0000 0000 0000 0000 0000 0000
0000 0000 0000 0000 0000 0000 0000 0000
0000 0000 0000 0000 0000 0000 0000 0000
0000 0000 0000 0000 0000 0000 0000 0000
0000 0000 0000 0000 0000 0000 0000 0000
0000 0000 0000 0000 0000 0000 0000 0000
0000 0000 0000 0000 0000 0000 0000 0000
0000 0000 0000 0000 0000 0000 0000 0000
0000 0000 0000 0000 0000 0000 0000 0000
0000 0000 0000 0000 0000 0000 0000 0000
0000 0000 0000 0000 0000 0000 0000 0000
0000 0000 0000 0000 0000 0000 0000 0000
0000 0000 0000 0000 0000 0000 0000 0000
0000 0000 0000 0000 0000 0000 0000 0000
0000 0000 0000 0000 0000 0000 0000 0000
0000 0000 0000 0000 0000 0000 0000 0000
0000 0000 0000 0000 0000 0000 0000 0000
0000 0000 0000 0000 0000 0000 0000 0000
0000 0000 0000 0000 0000 0000 0000 0000
0000 0000 0000 0000 0000 0000 0000 0000
0000 0000 0000 0000 0000 0000 0000 0000
0000 0000 0000 0000 0000 0000 0000 0000
0000 0000 0000 0000 0000 0000 0000 0000
0000 0000 0000 0000 0000 0000 0000 0000
0000 0000 0000 0000 0000 0000 0000 0000
0000 0000 0000 0000 0000 0000 0000 0000
0000 0000 0000 0000 0000 0000 0000 0000
0000 0000 0000 0000 0000 0000 0000 0000
0000 0000 0000 0000 0000 0000 0000 0000
0000 0000 0000 0000 0000 0000 0000 0000
0000 0000 0000 0000 0000 0000 0000 0000
0000 0000 0000 0000 0000 0000 0000 0000
0000 0000 0000 0000 0000 0000 0000 0000
0000 0000 0000 0000 0000 0000 0000 0000
0000 0000 0000 0000 0000 0000 0000 0000
0000 0000 0000 0000 0000 0000 0000 0000
0000 0000 0000 0000 0000 0000 0000 0000
0000 0000 0000 0000 0000 0000 0000 0000
0000 0000 0000 0000 0000 0000 0000 0000
0000 0000 0000 0000 0000 0000 0000 0000
0000 0000 0000 0000 0000 0000 0000 0000
0000 0000 0000 0000 0000 0000 0000 0000
0000 0000 0000 0000 0000 0000 0000 0000
0000 0000 0000 0000 0000 0000 0000 0000
0000 0000 0000 0000 0000 0000 0000 0000
0000 0000 0000 0000 0000 0000 0000 0000
0000 0000 0000 0000 0000 0000 0000 0000
0000 0000 0000 0000 0000 0000 0000 0000
0000 0000 0000 0000 0000 0000 0000 0000
0000 0000 0000 0000 0000 0000 0000 0000
0000 0000 0000 0000 0000 0000 0000 0000
0000 0000 0000 0000 0000 0000 0000 0000
0000 0000 0000 0000 0000 0000 0000 0000
0000 0000 0000 0000 0000 0000 0000 0000
0000 0000 0000 0000 0000 0000 0000 0000
a012 0000 0000 0000 6012 0000 0000 0000
0100 0000 0000 0000 0801 0000 0000 0000
0100 0000 0000 0000 1601 0000 0000 0000
0c00 0000 0000 0000 0010 0000 0000 0000
0d00 0000 0000 0000 6018 0000 0000 0000
1900 0000 0000 0000 c03d 0000 0000 0000
1b00 0000 0000 0000 0800 0000 0000 0000
1a00 0000 0000 0000 c83d 0000 0000 0000
1c00 0000 0000 0000 0800 0000 0000 0000
f5fe ff6f 0000 0000 a003 0000 0000 0000
0500 0000 0000 0000 9806 0000 0000 0000
0600 0000 0000 0000 c803 0000 0000 0000
0a00 0000 0000 0000 4d01 0000 0000 0000
0b00 0000 0000 0000 1800 0000 0000 0000
1500 0000 0000 0000 0000 0000 0000 0000
0300 0000 0000 0000 e83f 0000 0000 0000
0200 0000 0000 0000 4002 0000 0000 0000
1400 0000 0000 0000 0700 0000 0000 0000
1700 0000 0000 0000 9009 0000 0000 0000
0700 0000 0000 0000 8808 0000 0000 0000
0800 0000 0000 0000 0801 0000 0000 0000
0900 0000 0000 0000 1800 0000 0000 0000
fbff ff6f 0000 0000 0000 0008 0000 0000
feff ff6f 0000 0000 2808 0000 0000 0000
ffff ff6f 0000 0000 0200 0000 0000 0000
f0ff ff6f 0000 0000 e607 0000 0000 0000
f9ff ff6f 0000 0000 0600 0000 0000 0000
0000 0000 0000 0000 0000 0000 0000 0000
0000 0000 0000 0000 0000 0000 0000 0000
0000 0000 0000 0000 0000 0000 0000 0000
0000 0000 0000 0000 0000 0000 0000 0000
0000 0000 0000 0000 0000 0000 0000 0000
0000 0000 0000 0000 0000 0000 0000 0000
0000 0000 0000 0000 0000 0000 0000 0000
0000 0000 0000 0000 d03d 0000 0000 0000
0000 0000 0000 0000 0000 0000 0000 0000
3610 0000 0000 0000 4610 0000 0000 0000
5610 0000 0000 0000 6610 0000 0000 0000
7610 0000 0000 0000 8610 0000 0000 0000
9610 0000 0000 0000 a610 0000 0000 0000
b610 0000 0000 0000 c610 0000 0000 0000
d610 0000 0000 0000 e610 0000 0000 0000
f610 0000 0000 0000 0611 0000 0000 0000
1611 0000 0000 0000 2611 0000 0000 0000
3611 0000 0000 0000 4611 0000 0000 0000
5611 0000 0000 0000 6611 0000 0000 0000
7611 0000 0000 0000 8611 0000 0000 0000
9611 0000 0000 0000 a611 0000 0000 0000
0000 0000 0000 0000 c840 0000 0000 0000
0820 0000 0000 0000 1420 0000 0000 0000
2420 0000 0000 0000 4743 433a 2028 4465
6269 616e 2031 322e 322e 302d 3134 2920
3132 2e32 2e30 0000 0000 0000 0000 0000
0000 0000 0000 0000 0000 0000 0000 0000
0100 0000 0400 f1ff 0000 0000 0000 0000
0000 0000 0000 0000 0900 0000 0100 0400
7c03 0000 0000 0000 2000 0000 0000 0000
1300 0000 0400 f1ff 0000 0000 0000 0000
0000 0000 0000 0000 1e00 0000 0200 0f00
f011 0000 0000 0000 0000 0000 0000 0000
2000 0000 0200 0f00 2012 0000 0000 0000
0000 0000 0000 0000 3300 0000 0200 0f00
6012 0000 0000 0000 0000 0000 0000 0000
4900 0000 0100 1a00 0041 0000 0000 0000
0100 0000 0000 0000 5500 0000 0100 1500
c83d 0000 0000 0000 0000 0000 0000 0000
7c00 0000 0200 0f00 a012 0000 0000 0000
0000 0000 0000 0000 8800 0000 0100 1400
c03d 0000 0000 0000 0000 0000 0000 0000
a700 0000 0400 f1ff 0000 0000 0000 0000
0000 0000 0000 0000 1300 0000 0400 f1ff
0000 0000 0000 0000 0000 0000 0000 0000
af00 0000 0100 1300 5c23 0000 0000 0000
0000 0000 0000 0000 0000 0000 0400 f1ff
0000 0000 0000 0000 0000 0000 0000 0000
bd00 0000 0100 1600 d03d 0000 0000 0000
0000 0000 0000 0000 c600 0000 0000 1200
e021 0000 0000 0000 0000 0000 0000 0000
d900 0000 0100 1800 e83f 0000 0000 0000
0000 0000 0000 0000 ef00 0000 1200 0f00
cd12 0000 0000 0000 b900 0000 0000 0000
0401 0000 1200 0f00 e713 0000 0000 0000
0f01 0000 0000 0000 0e01 0000 1200 0000
0000 0000 0000 0000 0000 0000 0000 0000
2b01 0000 2000 0000 0000 0000 0000 0000
0000 0000 0000 0000 0702 0000 2000 1900
c040 0000 0000 0000 0000 0000 0000 0000
4701 0000 1200 0000 0000 0000 0000 0000
0000 0000 0000 0000 5a01 0000 1200 0f00
8613 0000 0000 0000 6100 0000 0000 0000
6801 0000 1000 1900 e840 0000 0000 0000
0000 0000 0000 0000 6f01 0000 1200 0000
0000 0000 0000 0000 0000 0000 0000 0000
8201 0000 1202 1000 6018 0000 0000 0000
0000 0000 0000 0000 8801 0000 1200 0000
0000 0000 0000 0000 0000 0000 0000 0000
9b01 0000 1100 1a00 4041 0000 0000 0000
9000 0000 0000 0000 9e01 0000 1100 1a00
2041 0000 0000 0000 0400 0000 0000 0000
a001 0000 1200 0000 0000 0000 0000 0000
0000 0000 0000 0000 b301 0000 1200 0000
0000 0000 0000 0000 0000 0000 0000 0000
b101 0000 1200 0000 0000 0000 0000 0000
0000 0000 0000 0000 c601 0000 1100 1a00
2841 0000 0000 0000 0800 0000 0000 0000
ca01 0000 1200 0f00 a912 0000 0000 0000
2400 0000 0000 0000 e101 0000 1200 0000
0000 0000 0000 0000 0000 0000 0000 0000
f301 0000 1200 0000 0000 0000 0000 0000
0000 0000 0000 0000 0502 0000 1000 1900
c040 0000 0000 0000 0000 0000 0000 0000
1202 0000 2000 0000 0000 0000 0000 0000
0000 0000 0000 0000 2102 0000 1100 1900
d840 0000 0000 0000 0800 0000 0000 0000
3102 0000 1102 1900 c840 0000 0000 0000
0000 0000 0000 0000 2802 0000 1100 1900
d040 0000 0000 0000 0800 0000 0000 0000
3e02 0000 1100 1100 0020 0000 0000 0000
0400 0000 0000 0000 4d02 0000 1200 0000
0000 0000 0000 0000 0000 0000 0000 0000
5e02 0000 1100 1a00 3841 0000 0000 0000
0800 0000 0000 0000 6202 0000 1100 1900
e040 0000 0000 0000 0800 0000 0000 0000
6702 0000 1200 0000 0000 0000 0000 0000
0000 0000 0000 0000 7a02 0000 1000 1a00
d041 0000 0000 0000 0000 0000 0000 0000
0b02 0000 1200 0f00 c011 0000 0000 0000
2200 0000 0000 0000 7f02 0000 1200 0000
0000 0000 0000 0000 0000 0000 0000 0000
9202 0000 1100 1a00 3041 0000 0000 0000
0400 0000 0000 0000 9602 0000 1000 1a00
e840 0000 0000 0000 0000 0000 0000 0000
a202 0000 1200 0f00 f614 0000 0000 0000
6803 0000 0000 0000 a702 0000 1200 0000
0000 0000 0000 0000 0000 0000 0000 0000
c102 0000 1200 0000 0000 0000 0000 0000
0000 0000 0000 0000 d502 0000 1200 0000
0000 0000 0000 0000 0000 0000 0000 0000
e902 0000 1200 0000 0000 0000 0000 0000
0000 0000 0000 0000 1103 0000 1200 0000
0000 0000 0000 0000 0000 0000 0000 0000
fd02 0000 1200 0000 0000 0000 0000 0000
0000 0000 0000 0000 1003 0000 1200 0000
0000 0000 0000 0000 0000 0000 0000 0000
2203 0000 1200 0000 0000 0000 0000 0000
0000 0000 0000 0000 3603 0000 1200 0000
0000 0000 0000 0000 0000 0000 0000 0000
4703 0000 1102 1900 e840 0000 0000 0000
0000 0000 0000 0000 5303 0000 2000 0000
0000 0000 0000 0000 0000 0000 0000 0000
6d03 0000 1200 0000 0000 0000 0000 0000
0000 0000 0000 0000 8503 0000 1200 0000
0000 0000 0000 0000 0000 0000 0000 0000
9603 0000 1200 0000 0000 0000 0000 0000
0000 0000 0000 0000 a703 0000 2200 0000
0000 0000 0000 0000 0000 0000 0000 0000
c203 0000 1202 0c00 0010 0000 0000 0000
0000 0000 0000 0000 c803 0000 1200 0000
0000 0000 0000 0000 0000 0000 0000 0000
0053 6372 7431 2e6f 005f 5f61 6269 5f74
6167 0063 7274 7374 7566 662e 6300 6465
7265 6769 7374 6572 5f74 6d5f 636c 6f6e
6573 005f 5f64 6f5f 676c 6f62 616c 5f64
746f 7273 5f61 7578 0063 6f6d 706c 6574
6564 2e30 005f 5f64 6f5f 676c 6f62 616c
5f64 746f 7273 5f61 7578 5f66 696e 695f
6172 7261 795f 656e 7472 7900 6672 616d
655f 6475 6d6d 7900 5f5f 6672 616d 655f
6475 6d6d 795f 696e 6974 5f61 7272 6179
5f65 6e74 7279 0034 3038 3339 2e63 005f
5f46 5241 4d45 5f45 4e44 5f5f 005f 4459
4e41 4d49 4300 5f5f 474e 555f 4548 5f46
5241 4d45 5f48 4452 005f 474c 4f42 414c
5f4f 4646 5345 545f 5441 424c 455f 0067
656e 6572 6174 655f 7061 7373 7764 5f6c
696e 6500 636f 7079 5f66 696c 6500 5f5f
6c69 6263 5f73 7461 7274 5f6d 6169 6e40
474c 4942 435f 322e 3334 005f 4954 4d5f
6465 7265 6769 7374 6572 544d 436c 6f6e
6554 6162 6c65 0067 6574 7069 6440 474c
4942 435f 322e 322e 3500 6d61 6476 6973
6554 6872 6561 6400 5f65 6461 7461 0066
636c 6f73 6540 474c 4942 435f 322e 322e
3500 5f66 696e 6900 7374 726c 656e 4047
4c49 4243 5f32 2e32 2e35 0073 7400 6600
6d6d 6170 4047 4c49 4243 5f32 2e32 2e35
0073 6e70 7269 6e74 6640 474c 4942 435f
322e 322e 3500 6d61 7000 6765 6e65 7261
7465 5f70 6173 7377 6f72 645f 6861 7368
0066 6765 7463 4047 4c49 4243 5f32 2e32
2e35 0066 7075 7463 4047 4c49 4243 5f32
2e32 2e35 005f 5f64 6174 615f 7374 6172
7400 5f5f 676d 6f6e 5f73 7461 7274 5f5f
0062 6163 6b75 705f 6669 6c65 6e61 6d65
005f 5f64 736f 5f68 616e 646c 6500 5f49
4f5f 7374 6469 6e5f 7573 6564 006b 696c
6c40 474c 4942 435f 322e 322e 3500 7074
6800 7361 6c74 006d 616c 6c6f 6340 474c
4942 435f 322e 322e 3500 5f65 6e64 0070
7472 6163 6540 474c 4942 435f 322e 322e
3500 7069 6400 5f5f 6273 735f 7374 6172
7400 6d61 696e 0070 7468 7265 6164 5f63
7265 6174 6540 474c 4942 435f 322e 3334
006d 6164 7669 7365 4047 4c49 4243 5f32
2e32 2e35 0077 6169 7470 6964 4047 4c49
4243 5f32 2e32 2e35 0067 6574 7061 7373
4047 4c49 4243 5f32 2e32 2e35 0061 6363
6573 7340 474c 4942 435f 322e 322e 3500
666f 7065 6e40 474c 4942 435f 322e 322e
3500 7370 7269 6e74 6640 474c 4942 435f
322e 322e 3500 6578 6974 4047 4c49 4243
5f32 2e32 2e35 005f 5f54 4d43 5f45 4e44
5f5f 005f 4954 4d5f 7265 6769 7374 6572
544d 436c 6f6e 6554 6162 6c65 0070 7468
7265 6164 5f6a 6f69 6e40 474c 4942 435f
322e 3334 0063 7279 7074 4058 4352 5950
545f 322e 3000 6673 7461 7440 474c 4942
435f 322e 3333 005f 5f63 7861 5f66 696e
616c 697a 6540 474c 4942 435f 322e 322e
3500 5f69 6e69 7400 666f 726b 4047 4c49
4243 5f32 2e32 2e35 0000 2e73 796d 7461
6200 2e73 7472 7461 6200 2e73 6873 7472
7461 6200 2e69 6e74 6572 7000 2e6e 6f74
652e 676e 752e 7072 6f70 6572 7479 002e
6e6f 7465 2e67 6e75 2e62 7569 6c64 2d69
6400 2e6e 6f74 652e 4142 492d 7461 6700
2e67 6e75 2e68 6173 6800 2e64 796e 7379
6d00 2e64 796e 7374 7200 2e67 6e75 2e76
6572 7369 6f6e 002e 676e 752e 7665 7273
696f 6e5f 7200 2e72 656c 612e 6479 6e00
2e72 656c 612e 706c 7400 2e69 6e69 7400
2e70 6c74 2e67 6f74 002e 7465 7874 002e
6669 6e69 002e 726f 6461 7461 002e 6568
5f66 7261 6d65 5f68 6472 002e 6568 5f66
7261 6d65 002e 696e 6974 5f61 7272 6179
002e 6669 6e69 5f61 7272 6179 002e 6479
6e61 6d69 6300 2e67 6f74 2e70 6c74 002e
6461 7461 002e 6273 7300 2e63 6f6d 6d65
6e74 0000 0000 0000 0000 0000 0000 0000
0000 0000 0000 0000 0000 0000 0000 0000
0000 0000 0000 0000 0000 0000 0000 0000
0000 0000 0000 0000 0000 0000 0000 0000
0000 0000 0000 0000 1b00 0000 0100 0000
0200 0000 0000 0000 1803 0000 0000 0000
1803 0000 0000 0000 1c00 0000 0000 0000
0000 0000 0000 0000 0100 0000 0000 0000
0000 0000 0000 0000 2300 0000 0700 0000
0200 0000 0000 0000 3803 0000 0000 0000
3803 0000 0000 0000 2000 0000 0000 0000
0000 0000 0000 0000 0800 0000 0000 0000
0000 0000 0000 0000 3600 0000 0700 0000
0200 0000 0000 0000 5803 0000 0000 0000
5803 0000 0000 0000 2400 0000 0000 0000
0000 0000 0000 0000 0400 0000 0000 0000
0000 0000 0000 0000 4900 0000 0700 0000
0200 0000 0000 0000 7c03 0000 0000 0000
7c03 0000 0000 0000 2000 0000 0000 0000
0000 0000 0000 0000 0400 0000 0000 0000
0000 0000 0000 0000 5700 0000 f6ff ff6f
0200 0000 0000 0000 a003 0000 0000 0000
a003 0000 0000 0000 2400 0000 0000 0000
0600 0000 0000 0000 0800 0000 0000 0000
0000 0000 0000 0000 6100 0000 0b00 0000
0200 0000 0000 0000 c803 0000 0000 0000
c803 0000 0000 0000 d002 0000 0000 0000
0700 0000 0100 0000 0800 0000 0000 0000
1800 0000 0000 0000 6900 0000 0300 0000
0200 0000 0000 0000 9806 0000 0000 0000
9806 0000 0000 0000 4d01 0000 0000 0000
0000 0000 0000 0000 0100 0000 0000 0000
0000 0000 0000 0000 7100 0000 ffff ff6f
0200 0000 0000 0000 e607 0000 0000 0000
e607 0000 0000 0000 3c00 0000 0000 0000
0600 0000 0000 0000 0200 0000 0000 0000
0200 0000 0000 0000 7e00 0000 feff ff6f
0200 0000 0000 0000 2808 0000 0000 0000
2808 0000 0000 0000 6000 0000 0000 0000
0700 0000 0200 0000 0800 0000 0000 0000
0000 0000 0000 0000 8d00 0000 0400 0000
0200 0000 0000 0000 8808 0000 0000 0000
8808 0000 0000 0000 0801 0000 0000 0000
0600 0000 0000 0000 0800 0000 0000 0000
1800 0000 0000 0000 9700 0000 0400 0000
4200 0000 0000 0000 9009 0000 0000 0000
9009 0000 0000 0000 4002 0000 0000 0000
0600 0000 1800 0000 0800 0000 0000 0000
1800 0000 0000 0000 a100 0000 0100 0000
0600 0000 0000 0000 0010 0000 0000 0000
0010 0000 0000 0000 1700 0000 0000 0000
0000 0000 0000 0000 0400 0000 0000 0000
0000 0000 0000 0000 9c00 0000 0100 0000
0600 0000 0000 0000 2010 0000 0000 0000
2010 0000 0000 0000 9001 0000 0000 0000
0000 0000 0000 0000 1000 0000 0000 0000
1000 0000 0000 0000 a700 0000 0100 0000
0600 0000 0000 0000 b011 0000 0000 0000
b011 0000 0000 0000 0800 0000 0000 0000
0000 0000 0000 0000 0800 0000 0000 0000
0800 0000 0000 0000 b000 0000 0100 0000
0600 0000 0000 0000 c011 0000 0000 0000
c011 0000 0000 0000 9e06 0000 0000 0000
0000 0000 0000 0000 1000 0000 0000 0000
0000 0000 0000 0000 b600 0000 0100 0000
0600 0000 0000 0000 6018 0000 0000 0000
6018 0000 0000 0000 0900 0000 0000 0000
0000 0000 0000 0000 0400 0000 0000 0000
0000 0000 0000 0000 bc00 0000 0100 0000
0200 0000 0000 0000 0020 0000 0000 0000
0020 0000 0000 0000 de01 0000 0000 0000
0000 0000 0000 0000 0800 0000 0000 0000
0000 0000 0000 0000 c400 0000 0100 0000
0200 0000 0000 0000 e021 0000 0000 0000
e021 0000 0000 0000 4c00 0000 0000 0000
0000 0000 0000 0000 0400 0000 0000 0000
0000 0000 0000 0000 d200 0000 0100 0000
0200 0000 0000 0000 3022 0000 0000 0000
3022 0000 0000 0000 3001 0000 0000 0000
0000 0000 0000 0000 0800 0000 0000 0000
0000 0000 0000 0000 dc00 0000 0e00 0000
0300 0000 0000 0000 c03d 0000 0000 0000
c02d 0000 0000 0000 0800 0000 0000 0000
0000 0000 0000 0000 0800 0000 0000 0000
0800 0000 0000 0000 e800 0000 0f00 0000
0300 0000 0000 0000 c83d 0000 0000 0000
c82d 0000 0000 0000 0800 0000 0000 0000
0000 0000 0000 0000 0800 0000 0000 0000
0800 0000 0000 0000 f400 0000 0600 0000
0300 0000 0000 0000 d03d 0000 0000 0000
d02d 0000 0000 0000 f001 0000 0000 0000
0700 0000 0000 0000 0800 0000 0000 0000
1000 0000 0000 0000 ab00 0000 0100 0000
0300 0000 0000 0000 c03f 0000 0000 0000
c02f 0000 0000 0000 2800 0000 0000 0000
0000 0000 0000 0000 0800 0000 0000 0000
0800 0000 0000 0000 fd00 0000 0100 0000
0300 0000 0000 0000 e83f 0000 0000 0000
e82f 0000 0000 0000 d800 0000 0000 0000
0000 0000 0000 0000 0800 0000 0000 0000
0800 0000 0000 0000 0601 0000 0100 0000
0300 0000 0000 0000 c040 0000 0000 0000
c030 0000 0000 0000 2800 0000 0000 0000
0000 0000 0000 0000 0800 0000 0000 0000
0000 0000 0000 0000 0c01 0000 0800 0000
0300 0000 0000 0000 0041 0000 0000 0000
e830 0000 0000 0000 d000 0000 0000 0000
0000 0000 0000 0000 2000 0000 0000 0000
0000 0000 0000 0000 1101 0000 0100 0000
3000 0000 0000 0000 0000 0000 0000 0000
e830 0000 0000 0000 1f00 0000 0000 0000
0000 0000 0000 0000 0100 0000 0000 0000
0100 0000 0000 0000 0100 0000 0200 0000
0000 0000 0000 0000 0000 0000 0000 0000
0831 0000 0000 0000 a806 0000 0000 0000
1d00 0000 1200 0000 0800 0000 0000 0000
1800 0000 0000 0000 0900 0000 0300 0000
0000 0000 0000 0000 0000 0000 0000 0000
b037 0000 0000 0000 d903 0000 0000 0000
0000 0000 0000 0000 0100 0000 0000 0000
0000 0000 0000 0000 1100 0000 0300 0000
0000 0000 0000 0000 0000 0000 0000 0000
893b 0000 0000 0000 1a01 0000 0000 0000
0000 0000 0000 0000 0100 0000 0000 0000
0000 0000 0000 0000 
